79
61 51 22 31
99 26 20 30
81 18 22 31
24 39 13 19
17 6 10 12
9 13 60 11
21 35 41 44
53 16 26 30
18 9 22 9
21 20 15 8
11 47 11 19
25 5 28 10
33 103 27 18
18 16 42 97
21 18 73 22
4 31 95 32
23 13 41 32
15 23 23 2
19 18 23 6
38 37 31 12
95 27 21 21
23 34 80 24
5 3 31 48
22 82 9 20
8 80 31 14
25 77 16 27
94 27 30 23
10 24 60 23
32 43 38 14
23 96 24 25
55 9 28 35
37 4 5 41
23 21 29 11
34 59 34 1
27 20 29 5
23 8 21 21
19 7 21 14
15 14 26 74
27 14 7 77
5 16 12 24
28 23 30 48
16 23 15 23
35 17 69 21
34 40 56 110
8 11 30 55
26 32 29 111
29 5 50 25
90 17 28 25
28 12 93 33
41 35 15 27
11 56 16 10
25 12 25 3
13 12 8 48
21 31 26 96
68 42 40 29
21 36 70 25
10 14 6 8
24 79 22 19
35 29 56 24
75 9 32 19
33 45 22 5
10 17 14 35
21 22 79 16
71 14 11 13
16 72 28 13
17 64 24 30
20 52 20 15
91 34 22 19
34 9 70 5
18 86 31 19
14 49 72 37
52 21 23 5
34 14 21 81
25 76 25 45
9 72 12 12
33 48 41 18
43 19 27 41
20 94 22 24
25 24 72 31