52
28 24 80 4
81 6 29 30
28 28 21 1
21 4 23 71
22 28 88 23
16 16 70 26
7 12 34 79
18 21 15 6
17 23 19 73
12 23 81 16
62 6 2 17
21 26 2 17
6 28 24 8
19 83 19 23
19 25 6 67
5 25 18 22
13 27 52 110
27 27 21 99
36 34 3 12
19 27 28 9
10 21 11 78
13 53 29 19
96 23 26 24
13 22 93 27
16 36 10 29
1 19 41 12
19 14 29 66
22 22 41 70
29 47 17 37
30 24 45 31
9 13 18 10
18 8 21 4
28 5 21 80
22 20 22 7
2 40 15 10
28 113 34 37
26 26 35 5
9 34 34 34
6 22 19 5
97 34 24 13
23 74 18 23
16 9 31 15
40 32 17 48
19 23 12 52
26 31 27 14
55 24 9 25
21 25 20 8
36 9 31 21
18 8 24 26
1 26 15 32
22 12 14 77
28 22 86 22