88
14 7 12 11
20 16 38 17
24 110 27 47
19 12 26 44
24 82 15 12
31 104 27 33
30 22 17 41
77 8 31 13
35 14 69 6
15 73 19 32
23 17 32 102
3 29 23 19
14 11 11 62
23 17 5 13
77 13 43 17
10 20 29 28
5 19 22 8
16 14 9 10
19 23 33 50
20 5 21 25
39 15 18 75
18 1 53 19
22 95 28 23
30 33 40 27
8 10 41 86
21 6 85 22
38 3 39 36
24 66 29 16
51 9 16 16
15 41 17 28
72 28 39 20
72 7 16 13
18 25 13 70
26 47 23 106
93 19 23 28
23 28 113 20
31 8 30 27
31 20 7 83
65 29 8 18
109 17 27 32
97 18 23 28
96 39 22 16
29 16 101 24
73 8 20 21
10 27 19 81
22 28 16 92
31 16 25 64
7 62 12 20
29 79 32 19
31 28 22 36
29 72 13 14
32 12 25 80
32 21 49 13
19 14 21 10
30 10 78 14
30 21 23 117
2 36 38 13
36 24 3 71
9 26 57 20
15 2 28 16
30 29 41 13
32 94 19 31
34 22 14 64
44 15 31 45
44 34 51 12
103 37 34 12
92 29 14 28
19 14 6 9
49 21 39 31
11 2 14 15
34 89 5 25
27 67 4 18
4 24 3 24
11 34 25 24
30 17 33 37
6 12 8 16
21 26 7 51
35 15 11 74
30 30 44 2
22 75 20 13
31 8 15 18
17 35 16 3
2 3 4 5
22 29 14 35
26 22 51 5
63 25 6 21
16 23 56 21
25 11 79 18