1a71j02,31,22
g89c7a3,18,29
1403100012114,5,9
q3cmuw,36,13
t97cmk,35,22
9cklm19,24,26
85464680,9,24
lgvv44,33,35
mev3s6,35,8
5aocre,33,19
64635c04,16,11
1c2a0kj,31,19
5l9fh23,25,14
26356611214,7,12
166a94a04,11,23
12a53ba31,14,37
1384e3a2,17,29
813895773,11,30
1ai82sg,30,16
1hn5q05,28,8
bin9l6,28,27
9hdka55,22,15
6128a567,14,30
244539674,12,17
17520450766,8,14
3734abi,28,31
1000111110111010010001000110101,2,34
22di7a29,19,29
22013858a,12,27
20899lc,28,23
13511245303,6,19
11geb617,19,35
6101476605,8,16
1n3jhee,28,36
14698c454,14,36
10200010011200020121,3,28
2a7876661,12,32
1bufgq3,31,29
4170k20,26,14
1fbf1c48,16,34
sfe15e,28,35
nfb8bl,25,13
10434203112333,5,28
1111101010100100000111110011010,2,14
63604136552,7,24
jcea5g7,20,15
430c5d0,26,16
44bfab3,19,17
pagnsp,33,4
rq6gvx,0,9
2761771515,8,26
2hef90h,27,14
d5k0jig,21,29
3664463533,8,17
1110111011010010000100100000011,2,16
4781a4321,12,8
9a0dm47,24,4
1211001211110222112,3,33
i89k1b,35,15
3l5o6k7,27,5
2211326552,7,21
1212cg5j,20,9
4d10b89,26,28
13tl5w6,34,33
8ba2f6,23,31
nmekdk,33,19
xqferd,35,11
lelk24,24,9
2270636888,9,29
11111011110011110000101000101,2,13
383017358,11,24
102351561531,7,19
a4c11b3b,0,25
5043ikl,23,10
lj3pi.,31,21
1837a56,20,2
411203405151,6,7
91a4640,12,16
158385738,11,8
39828298,17,10
plh50p,36,6
10j7mch,23,21
17245520174,8,28
32ni7of,26,22
463l08j,28,30
514ead6,23,24
1232322231233310,4,18
cf076bb,23,7
7hnig33,24,31
510459b4,0,12
1n5n3lg,29,31
2lpmbti,30,17
2anj407,27,34
g8qo03,34,5
1dk8ke2,28,36
24o8e54,29,14
2bf.cen,29,29
2fag61e9,17,26
2f2m0g4,30,10
100001111100101001101101101010,2,10
1868309935,10,17
4076f9k,27,26
183b81.bc,13,35
1jc2k6c,32,6
42401142035,0,4
1111000110011100111111000100100,2,4
1011103001222120,4,30
291d065d,14,18
11a22b24,17,4
433822a04,12,34
1ca01c102,13,6
1e06d29,15,30
3424244300010,5,14
1ffc16ie,19,13
33164044252,7,36
1mptm02,30,24
1111010001011101001011001010101,2,25
4g340470,17,12
4d0805b2,14,8
1ifcivu,33,20
ha34c0,18,25
3fqpdnb,29,3
10fb644c,16,25
144452453325,6,20
2ef8n0i,29,17
413212212.31,6,12
39a09e3e,16,13
hf1c57d,21,23
434214245005,6,15
5uqq5v,36,35
1p8gich,29,22
926rkl,30,11
9ghg28.,18,20
3a3629g3,17,15
7b0295ea,15,19
434300420431,5,2
1djs5f4,29,12
1111012202110220002,3,28
4285128017,9,5
1030213312011023,4,23
414440432401,5,12
4f9b030c,17,35
12b562bb8,14,22
70ekd4g,25,-19
17h20c9b,18,26
8f16945,19,9
17375ah6,18,9
1111110111110001110111111110101,2,13
10101110000011000010100011001,2,26
9785dd37,14,16
50424321032,7,21
3173pec,27,24
2gdek6m,23,34
h423f24,22,5
j6uvme,36,27
2269c221c,13,11
5d5a879,25,19
dckag8,34,5
1da5580,28,31
5f8c68df,16,-34
t4dp15,31,26
3120242414013,5,16
16np29b,34,15
aac25ji,23,13
8432d4a5,14,33
245a145c3,13,10
1hcdgfb1,18,7
2hc3im,31,6
130213213301022,4,-17
359409944,10,21
13c36g42,16,2
66eabcg,19,7
100102002010120212,3,11
1670l5g,22,9
124wtom,35,25
jjt1c,30,12
46326523434,7,30
2024012303021,5,13
17b8iwu,33,10
215fote,31,2
194690ed,20,4
26a.442cc,13,15
50fjd8g,23,16
2260466178,9,16
y6mnqz,36,26
41cwae,35,26
123233340,7,14
10011000112120210001,3,34
1d21hh29,19,28
228403a79,12,29
38agbgg6,18,28
55026006563,7,18
ajd5be0,0,33
509f4df,16,5
2347550b6,13,9
15763146137,8,12
h224o,32,34
94lteh,32,24
1tb4rut,31,23
161307b52,14,31
154551315313,6,3
23uafs1,31,25
qfu.jd,35,22
70b7371a,12,18
750410183,11,-21
1392317329,10,32
hj5o3e,30,32
1e3656c7,18,20
54021155245,7,6
845754246,9,31
b3976974,12,25
2k564e6,27,13
dm9l0im,23,21
vty46o,35,15
2213331332001,4,18
b1aiibf,23,4
13122113321113,4,15
1733561563,9,22
3qbacjd,27,37
25aa61a99,11,18
19ab4cbe,15,33
17547fd4,18,29
m6i7pa,29,5
10011001201220202101,3,22
41ajd4e,21,17
15db16ad,16,28
.0a4648b,16,3
27m0s2r,30,36
1356317323,10,8
9c78601,23,16
188b417e,18,13
56bc32d2,16,7
1m0p3qf,31,6
a5ea43j,23,32
7f8115fc,16,30
1101111101100100000011001000110,2,11
62a4c659,16,14
vcadxv,33,30
874ff5i,21,8
c66bc2f,20,32
244but,36,31
d9h5d2h,23,12
12450500325,8,29
30d3ad5b,15,8
813323242,10,4
2eimaff,30,2
6c1d873a,15,12
15iikl9,27,3
xvmdsw,35,12
cfd2053,19,27
831014788,10,24
21112020331311,4,34
18edgei,32,6
1201330231333110,4,10
hstn1f,35,20
14lvj9s,35,34
10magc7,32,12
9mn3jbm,24,5
41eab0bc,15,18
1542h97a,18,13
i8ck705,22,32
1213020232210030,4,32
13e17d6e,18,13
1g6qlcb,29,16
2b57ec3a,17,9
1e350g88,18,36
205102514351,6,15
c8a730j,22,35
80u701,35,36
705627200,8,26
2ohna2l,26,20
2m1s33h,29,33
40688a91,11,32
6acg3bb,21,-31
1djlc22,22,25
133302111221003,4,28
32b2j4h,29,18
87438648,10,12
84803b49,14,30
1101010100101111100001010000100,2,22
ek4f39h,22,15
5163142842,9,24
1mrm87a,29,35
12501152120,6,8
8lhlhd1,24,33
17330h3,0,36
mthdpa,31,9
2f.b7oc,28,4
4fnoaba,26,2
343052052243,6,14
260981a65,11,26
21011540443,7,6
1ki6ahk,22,30
bdcbd02a,14,8
2f284112,16,4
1bk0m7,33,23
ai74ha1,19,34
83225996,11,32
319d.md,27,28
2n8c2f,32,17
7c1a99b3,16,22
17455a54,14,30
1cl2leq,27,12
2d5e27ae,15,4
9689m9,25,37
5j7ed20,26,29
c6hbfjd,23,13
a0b7685b,15,-8
5123116514,9,3
868kk8a,22,35
404531124,7,28
a5aa9161,14,29
69450201,15,24
33664.16563,7,26
2b0agh6d,18,34
2441414224334,5,32
13eq705,31,3
2bcmci0,24,15
k8b2bk0,21,2
722379147,10,21
9p3rdm,36,20
3f8s520,29,19
4363375232,9,31
4jkgedh,21,30
1l6onn5,27,33
1prk105,29,7
1ceg85if,0,13
gkii4h,33,19
7540344642,8,13
1bpdaq8,30,25
14skf54,34,2
377n211,29,11
ka9thc,33,23
tfarx4,34,18
3ghilkc,26,18
2e6ee2ea,16,19
8g8fkag,21,27
323231231320320,4,31
43kg83l,22,26
328709681,10,29
b06881b,15,17
21006056544,7,12
1defge6f,19,3
1704345735,9,36
31bbc53,26,17
2vb730,34,12
7ld378,26,6
3628ei8,23,37
9a4539c7,15,36
110022120220111221,3,9
1kbbknm,24,35
1a7d7gi,22,-36
18g39e67,18,30
350531033345,6,5
6l26d40,22,2
2414343413044,5,31
10dg755f,21,30
8c204608,14,37
8a922a666,11,37
30343453254,6,17
1012708016,9,18
254933322,10,32
3ca3f395,17,8
18237077,20,37
615565735,8,22
62elji,30,22
1pjm85c,31,28
i6830cf,19,33
iijmo5,34,23
23848c8b,17,21
6illifb,24,9
12212301302201,4,37
11011200121012001200,3,35
25003025301,6,16
ca004c7,14,16
474758b05,12,34
10f6g23a,17,22
31lsko,29,23
956531934,10,16
abd9276d,14,26
mvvhxm,35,-24
489790358,12,30
46c2681e,15,4
6ka7m1,25,13
1oh4egn,31,23
x14qv5,34,35
2c6080a6,16,31
a279aa2d,15,26
7d7k709,21,35
96c7037d,14,10
3b3086985,12,25
2ebd74cg,17,16
3439b151,13,29
3tnuc4,34,32
10210211221121011210,3,-22
182b5011,15,36
pl5m4t,32,18
1smkhpg,30,15
60aa0386,15,10
1f19tcs,33,2
17i5d12g,19,22
bd143626,14,25
7d127579,16,29
5hidai5,25,33
54055220160,7,22
47e8cc9c,17,19
d17gkd3,23,21
443542253152,6,7
2824425614,9,20
16b45460,18,30
2algjqj,30,26
15jjm6g,32,31
gc9845e,20,30
221303210320113,4,16
102600612014,7,12
4417143334,9,5
2044104023430,5,8
4qc3f7,36,12
2424100433004,5,6
422405143054,0,31
101vuv9,35,11
8dc7bd21,14,17
hn1r0x,34,9
5k0h6o6,26,22
501151420144,6,18
7g60c7i,22,19
6ece18bd,15,10
2db0fb7d,16,31
1456452001,9,35
2082ee74,19,30
ai35k74,23,28
22301222120223,4,-19
j992no,33,36
71b1659c,14,11
3bn0ce,29,3
1e1g11ad,18,35
1fxh7c8,33,23
b9421b16,13,27
2b5opms,30,17
qaw4w8,33,31
3f05e6,20,32
278915n,31,25
4d3bg17,27,28
122043144333,6,29
13135166152,7,33
a3f6f25,19,21
4f20d415,16,21
kkq33,32,12
2200041410021,5,18
bnwn5d,33,36
29c0fdi,20,3
4444430033424,5,26
h4a7bb,18,35
113530334,8,7
